0110010101001010010100100111000101100101010101100101001001111010010000110011010101101001001100010101001001110101010010010011100101100110010101010011010001100001000000000000000000000000000000000

011001010100101001010010011100010

100000100110000010001110110110111

011001010100101001010010011100010
100000100110000010001110110110111

010010001111010000101010001110011
100000100110000010001110110110111

000100111000100011011010101010000
100000100110000010001110110110111

001001110001000110110101010100001
100000100110000010001110110110111

010011100010001101101010101000010
100000100110000010001110110110111

000111100010011001011011100110011
100000100110000010001110110110111

001111000100110010110111001100111
100000100110000010001110110110111

011110001001100101101110011001110
100000100110000010001110110110111

011100110101001001010010000101010
100000100110000010001110110110111

011001001100010000101010111100011
100000100110000010001110110110111

010010111110100011011011001110000
100000100110000010001110110110111

000101011011000100111000101010111
100000100110000010001110110110111

001010110110001001110001010101111
100000100110000010001110110110111

010101101100010011100010101011110
100000100110000010001110110110111

001011111110100101001011100001010
100000100110000010001110110110111

010111111101001010010111000010101
100000100110000010001110110110111

001111011100010110100000110011101
100000100110000010001110110110111

011110111000101101000001100111010
100000100110000010001110110110111

011101010111011000001101111000010
100000100110000010001110110110111

011010001000110010010101000110011
100000100110000010001110110110111

010100110111100110100100111010000
100000100110000010001110110110111

001001001001001111000111000010111
100000100110000010001110110110111

010010010010011110001110000101110
100000100110000010001110110110111

000100000010111110010010111101010
100000100110000010001110110110111

001000000101111100100101111010100
100000100110000010001110110110111

010000001011111001001011110101000
100000100110000010001110110110111

000000110001110000011001011100110
100000100110000010001110110110111

000001100011100000110010111001101
100000100110000010001110110110111

000011000111000001100101110011011
100000100110000010001110110110111

000110001110000011001011100110111
100000100110000010001110110110111

001100011100000110010111001101110
100000100110000010001110110110111

011000111000001100101110011011101
100000100110000010001110110110111

010001010110011011010010000001101
100000100110000010001110110110111

000010001010110100101010110101101
100000100110000010001110110110111

000100010101101001010101101011011
100000100110000010001110110110111

001000101011010010101011010110110
100000100110000010001110110110111

010001010110100101010110101101100
100000100110000010001110110110111

000010001011001000100011101101111
100000100110000010001110110110111

000100010110010001000111011011110
100000100110000010001110110110111

001000101100100010001110110111101
100000100110000010001110110110111

010001011001000100011101101111011
100000100110000010001110110110111

000010010100001010110101101000001
100000100110000010001110110110111

000100101000010101101011010000010
100000100110000010001110110110111

001001010000101011010110100000101
100000100110000010001110110110111

010010100001010110101101000001011
100000100110000010001110110110111

000101100100101111010100110100001
100000100110000010001110110110111

001011001001011110101001101000011
100000100110000010001110110110111

010110010010111101010011010000110
100000100110000010001110110110111

001100000011111000101000010111010
100000100110000010001110110110111

011000000111110001010000101110100
100000100110000010001110110110111

010000101001100000101111101011110
100000100110000010001110110110111

000001110101000011010001100001010
100000100110000010001110110110111

000011101010000110100011000010100
100000100110000010001110110110111

000111010100001101000110000101001
100000100110000010001110110110111

001110101000011010001100001010010
100000100110000010001110110110111

011101010000110100011000010100100
100000100110000010001110110110111

011010000111101010111110011111110
100000100110000010001110110110111

010100101001010111110010001001011
100000100110000010001110110110111

001001110100101101101010100100001
100000100110000010001110110110111

010011101001011011010101001000011
100000100110000010001110110110111

000111110100110100100100100110000
100000100110000010001110110110111

001111101001101001001001001100000
100000100110000010001110110110111

011111010011010010010010011000000
100000100110000010001110110110111

011110000000100110101010000110111
100000100110000010001110110110111

011100100111001111011010111011000
100000100110000010001110110110111

011001101000011100111011000000111
100000100110000010001110110110111

010011110110111011111000110111000
100000100110000010001110110110111

000111001011110101111111011000111
100000100110000010001110110110111

001110010111101011111110110001111
100000100110000010001110110110111

011100101111010111111101100011110
100000100110000010001110110110111

011001111000101101110101110001011
100000100110000010001110110110111

010011010111011001100101010100000
100000100110000010001110110110111

000110001000110001000100011110111
100000100110000010001110110110111

001100010001100010001000111101110
100000100110000010001110110110111

011000100011000100010001111011101
100000100110000010001110110110111

010001100000001010101101000001100
100000100110000010001110110110111

000011100110010111010100110101110
100000100110000010001110110110111

000111001100101110101001101011100
100000100110000010001110110110111

001110011001011101010011010111001
100000100110000010001110110110111

011100110010111010100110101110010
100000100110000010001110110110111

011001000011110111000011101010010
100000100110000010001110110110111

010010100001101100001001100010011
100000100110000010001110110110111

000101100101011010011101110010000
100000100110000010001110110110111

001011001010110100111011100100000
100000100110000010001110110110111

010110010101101001110111001000000
100000100110000010001110110110111

001100001101010001100000100110110
100000100110000010001110110110111

011000011010100011000001001101100
100000100110000010001110110110111

010000010011000100001100101101111
100000100110000010001110110110111

000000000000001010010111101101000
100000100110000010001110110110111

000000000000010100101111011010000
100000100110000010001110110110111

000000000000101001011110110100000
100000100110000010001110110110111

000000000001010010111101101000001
100000100110000010001110110110111

000000000010100101111011010000011
100000100110000010001110110110111

000000000101001011110110100000111
100000100110000010001110110110111

000000001010010111101101000001110
100000100110000010001110110110111

000000010100101111011010000011100
100000100110000010001110110110111

000000101001011110110100000111001
100000100110000010001110110110111

000001010010111101101000001110010
100000100110000010001110110110111

000010100101111011010000011100101
100000100110000010001110110110111

000101001011110110100000111001011
100000100110000010001110110110111

001010010111101101000001110010110
100000100110000010001110110110111

010100101111011010000011100101100
100000100110000010001110110110111

001001111000110110001001111101110
100000100110000010001110110110111

010011110001101100010011111011101
100000100110000010001110110110111

000111000101011010101001000001101
100000100110000010001110110110111

001110001010110101010010000011010
100000100110000010001110110110111

011100010101101010100100000110101
100000100110000010001110110110111

011000001101010111000110111011101
100000100110000010001110110110111

010000111100101100000011000001100
100000100110000010001110110110111

000001011111011010001000110101111
100000100110000010001110110110111

000010111110110100010001101011111
100000100110000010001110110110111

000101111101101000100011010111110
100000100110000010001110110110111

001011111011010001000110101111101
100000100110000010001110110110111

010111110110100010001101011111010
100000100110000010001110110110111

001111001011000110010100001000011
100000100110000010001110110011001010100101001010010011100010110010101010110010100100111101001000011001101010110100100110001010100100111010101001001001110010110011001010101001101000110000101100000011110111101100100011000
110111

011110010110001100101000010000111
100000100110000010001110110110111

011100001010011011011110010111000
100000100110000010001110110110111

011000110010110100110010011000111
100000100110000010001110110110111

010001000011101011101010000111000
100000100110000010001110110110111

000010100001010101011010111000111
100000100110000010001110110110111

000101000010101010110101110001110
100000100110000010001110110110111

001010000101010101101011100011100
100000100110000010001110110110111

010100001010101011010111000111001
100000100110000010001110110110111

001000110011010100100000111000100
100000100110000010001110110110111

010001100110101001000001110001000
100000100110000010001110110110111

000011101011010000001101010100111
100000100110000010001110110110111

000111010110100000011010101001110
100000100110000010001110110110111

001110101101000000110101010011100
100000100110000010001110110110111

011101011010000001101010100111001
100000100110000010001110110110111

011010010010000001011011111000101
100000100110000010001110110110111

010100000010000000111001000111101
100000100110000010001110110110111

001000100010000011111100111001101
100000100110000010001110110110111

010001000100000111111001110011010
100000100110000010001110110110111

000010101110001101111101010000011
100000100110000010001110110110111

000101011100011011111010100000110
100000100110000010001110110110111

001010111000110111110101000001100
100000100110000010001110110110111

010101110001101111101010000011000
100000100110000010001110110110111

001011000101011101011010110000111
100000100110000010001110110110111

010110001010111010110101100001110
100000100110000010001110110110111

001100110011110111100101110101011
100000100110000010001110110110111

011001100111101111001011101010110
100000100110000010001110110110111

010011101001011100011001100011011
100000100110000010001110110110111

000111110100111010111101110000001
100000100110000010001110110110111

001111101001110101111011100000010
100000100110000010001110110110111

011111010011101011110111000000100
100000100110000010001110110110111

011110000001010101100000110111111
100000100110000010001110110110111

011100100100101001001111011001001
100000100110000010001110110110111

011001101111010000010000000100101
100000100110000010001110110110111

010011111000100010101110111111101
100000100110000010001110110110111

000111010111000111010011001001101
100000100110000010001110110110111

001110101110001110100110010011010
100000100110000010001110110110111

011101011100011101001100100110100
100000100110000010001110110110111

011010011110111000010111111011111
100000100110000010001110110110111

010100011011110010100001000001001
100000100110000010001110110110111

001000010001100111001100110100101
100000100110000010001110110110111

010000100011001110011001101001010
100000100110000010001110110110111

000001100000011110111101100100011
100000100110000010001110110110111

000011000000111101111011001000110
100000100110000010001110110110111

000110000001111011110110010001100
100000100110000010001110110110111

001100000011110111101100100011000
100000100110000010001110110110111

011000000111101111011001000110000
100000100110000010001110110110111

011000000111101111011001000110000
100000100110000010001110110110111

